$ 1 0.000005 89.03963197220334 50 5 43 5e-11
189 176 288 256 288 0 8 16
R 176 320 80 320 0 2 10 5 0 0 0.1
R 176 352 128 352 0 2 60 5 0 0 0.5
s 176 -288 176 -208 0 1 false
s 176 -48 176 32 0 1 false
s 176 -160 176 -80 0 1 false
w 128 -288 176 -288 0
w 176 -160 128 -160 0
w 176 -48 128 -48 0
w 128 144 128 -48 0
w 128 -48 128 -160 0
w 128 -160 128 -288 0
w 208 -160 208 -288 0
w 208 -48 208 -160 0
w 208 144 208 -48 0
w 256 -48 208 -48 0
w 256 -160 208 -160 0
w 208 -288 256 -288 0
s 256 -160 256 -80 0 1 false
s 256 -48 256 32 0 1 false
s 256 -288 256 -208 0 1 false
s 416 -48 416 32 0 1 false
s 416 -160 416 -80 0 1 false
w 368 -288 416 -288 0
w 416 -160 368 -160 0
w 416 -48 368 -48 0
w 368 144 368 -48 0
w 368 -48 368 -160 0
w 368 -160 368 -288 0
w 288 -160 288 -288 0
w 288 -48 288 -160 0
w 288 144 288 -48 0
w 336 -48 288 -48 0
w 336 -160 288 -160 0
w 288 -288 336 -288 0
s 336 -160 336 -80 0 1 false
s 336 -48 336 32 0 1 false
s 336 -288 336 -208 0 1 false
s 576 -288 576 -208 0 1 false
s 576 -48 576 32 0 1 false
s 576 -160 576 -80 0 1 false
w 528 -288 576 -288 0
w 576 -160 528 -160 0
w 576 -48 528 -48 0
w 528 144 528 -48 0
w 528 -48 528 -160 0
w 528 -160 528 -288 0
w 448 -160 448 -288 0
w 448 -48 448 -160 0
w 448 144 448 -48 0
w 496 -48 448 -48 0
w 496 -160 448 -160 0
w 448 -288 496 -288 0
s 496 -160 496 -80 0 1 false
s 496 -48 496 32 0 1 false
s 496 -288 496 -208 0 1 false
w 176 -208 256 -208 0
w 256 -208 336 -208 0
w 336 -208 416 -208 0
s 416 -288 416 -208 0 1 false
w 416 -208 496 -208 0
w 496 -208 576 -208 0
w 576 -208 640 -208 0
w 176 -80 256 -80 0
w 256 -80 336 -80 0
w 336 -80 416 -80 0
w 416 -80 496 -80 0
w 496 -80 576 -80 0
w 576 -80 640 -80 0
w 576 32 496 32 0
w 496 32 416 32 0
w 416 32 336 32 0
w 336 32 256 32 0
w 256 32 176 32 0
w 576 32 656 32 0
w 240 256 128 144 0
w 208 144 272 256 0
w 304 256 288 144 0
w 336 256 368 144 0
w 368 256 448 144 0
w 400 256 528 144 0
