$ 1 0.000005 1.5642631884188172 50 5 43 5e-11
d 448 208 368 208 2 default
d 448 160 368 160 2 default
d 448 112 368 112 2 default
d 448 64 368 64 2 default
w 448 64 448 112 0
w 448 112 448 160 0
w 448 160 448 208 0
r 368 64 272 64 0 10000000
r 368 112 272 112 0 10000000
r 368 160 272 160 0 10000000
r 368 208 272 208 0 10000000
s 32 64 112 64 0 0 false
s 32 112 112 112 0 1 false
s 32 160 112 160 0 1 false
s 32 208 112 208 0 1 false
c 32 64 -32 64 0 1e-10 8.044353675323514 0.001
c 32 112 -32 112 0 1e-10 0.001 0.001
c 32 160 -32 160 0 1e-10 0.001 0.001
c 32 208 -32 208 0 1e-10 0.001 0.001
c 32 16 -32 16 0 1e-10 2.8912452369872175 0.001
c 32 -32 -32 -32 0 1e-10 0.001 0.001
c 32 -80 -32 -80 0 1e-10 0.001 0.001
c 32 -128 -32 -128 0 1e-10 3.1775086473151295 0.001
s 32 16 112 16 0 1 false
s 32 -32 112 -32 0 1 false
s 32 -80 112 -80 0 1 false
s 32 -128 112 -128 0 1 false
r 368 16 272 16 0 10000000
r 368 -32 272 -32 0 10000000
r 368 -80 272 -80 0 10000000
r 368 -128 272 -128 0 10000000
d 448 -128 368 -128 2 default
d 448 -80 368 -80 2 default
d 448 -32 368 -32 2 default
d 448 16 368 16 2 default
w 448 16 448 64 0
w 448 -32 448 16 0
w 448 -80 448 -32 0
w 448 -128 448 -80 0
w 272 208 272 288 0
w 272 160 256 160 0
w 256 160 256 288 0
w 272 112 240 112 0
w 240 112 240 288 0
w 272 64 224 64 0
w 224 64 224 288 0
w 272 16 208 16 0
w 208 16 208 288 0
w 272 -32 192 -32 0
w 192 -32 192 288 0
w 272 -80 176 -80 0
w 176 -80 176 288 0
w 272 -128 160 -128 0
w 160 -128 160 288 0
w 160 -128 112 -128 0
w 112 -80 176 -80 0
w 192 -32 112 -32 0
w 112 16 208 16 0
w 224 64 112 64 0
w 112 112 240 112 0
w 256 160 112 160 0
w 112 208 272 208 0
w -32 -128 -32 -80 0
w -32 -80 -32 -32 0
w -32 16 -32 -32 0
w -32 16 -32 64 0
w -32 64 -32 112 0
w -32 112 -32 160 0
w -32 160 -32 208 0
g -32 16 -64 16 0 0
186 16 416 336 416 2 8 0
w 304 384 272 288 0
w 272 384 256 288 0
w 240 288 240 384 0
w 208 384 224 288 0
w 208 288 176 384 0
w 192 288 144 384 0
w 176 288 112 384 0
w 80 384 160 288 0
R 16 480 -32 480 0 2 800 5 5 0 0.5
w 432 448 368 448 0
R 16 448 -32 448 0 2 100 5 5 0.17453292519943295 0.08
w 448 16 528 16 0
w 528 16 512 528 0
w 512 528 16 528 0
w 16 528 16 480 0
w 432 448 432 352 0
